X =

    1.0000   34.6237   78.0247
    1.0000   30.2867   43.8950
    1.0000   35.8474   72.9022
    1.0000   60.1826   86.3086
    1.0000   79.0327   75.3444
    1.0000   45.0833   56.3164
    1.0000   61.1067   96.5114
    1.0000   75.0247   46.5540
    1.0000   76.0988   87.4206
    1.0000   84.4328   43.5334
    1.0000   95.8616   38.2253
    1.0000   75.0137   30.6033
    1.0000   82.3071   76.4820
    1.0000   69.3646   97.7187
    1.0000   39.5383   76.0368
    1.0000   53.9711   89.2074
    1.0000   69.0701   52.7405
    1.0000   67.9469   46.6786
    1.0000   70.6615   92.9271
    1.0000   76.9788   47.5760
    1.0000   67.3720   42.8384
    1.0000   89.6768   65.7994
    1.0000   50.5348   48.8558
    1.0000   34.2121   44.2095
    1.0000   77.9241   68.9724
    1.0000   62.2710   69.9545
    1.0000   80.1902   44.8216
    1.0000   93.1144   38.8007
    1.0000   61.8302   50.2561
    1.0000   38.7858   64.9957
    1.0000   61.3793   72.8079
    1.0000   85.4045   57.0520
    1.0000   52.1080   63.1276
    1.0000   52.0454   69.4329
    1.0000   40.2369   71.1677
    1.0000   54.6351   52.2139
    1.0000   33.9155   98.8694
    1.0000   64.1770   80.9081
    1.0000   74.7893   41.5734
    1.0000   34.1836   75.2377
    1.0000   83.9024   56.3080
    1.0000   51.5477   46.8563
    1.0000   94.4434   65.5689
    1.0000   82.3688   40.6183
    1.0000   51.0478   45.8227
    1.0000   62.2227   52.0610
    1.0000   77.1930   70.4582
    1.0000   97.7716   86.7278
    1.0000   62.0731   96.7688
    1.0000   91.5650   88.6963
    1.0000   79.9448   74.1631
    1.0000   99.2725   60.9990
    1.0000   90.5467   43.3906
    1.0000   34.5245   60.3963
    1.0000   50.2865   49.8045
    1.0000   49.5867   59.8090
    1.0000   97.6456   68.8616
    1.0000   32.5772   95.5985
    1.0000   74.2487   69.8246
    1.0000   71.7965   78.4536
    1.0000   75.3956   85.7599
    1.0000   35.2861   47.0205
    1.0000   56.2538   39.2615
    1.0000   30.0588   49.5930
    1.0000   44.6683   66.4501
    1.0000   66.5609   41.0921
    1.0000   40.4576   97.5352
    1.0000   49.0726   51.8832
    1.0000   80.2796   92.1161
    1.0000   66.7467   60.9914
    1.0000   32.7228   43.3072
    1.0000   64.0393   78.0317
    1.0000   72.3465   96.2276
    1.0000   60.4579   73.0950
    1.0000   58.8410   75.8584
    1.0000   99.8279   72.3693
    1.0000   47.2643   88.4759
    1.0000   50.4582   75.8099
    1.0000   60.4556   42.5084
    1.0000   82.2267   42.7199
    1.0000   88.9139   69.8038
    1.0000   94.8345   45.6943
    1.0000   67.3193   66.5894
    1.0000   57.2387   59.5143
    1.0000   80.3668   90.9601
    1.0000   68.4685   85.5943
    1.0000   42.0755   78.8448
    1.0000   75.4777   90.4245
    1.0000   78.6354   96.6474
    1.0000   52.3480   60.7695
    1.0000   94.0943   77.1591
    1.0000   90.4486   87.5088
    1.0000   55.4822   35.5707
    1.0000   74.4927   84.8451
    1.0000   89.8458   45.3583
    1.0000   83.4892   48.3803
    1.0000   42.2617   87.1039
    1.0000   99.3150   68.7754
    1.0000   55.3400   64.9319
    1.0000   74.7759   89.5298

